serial misaligned!
rotation matrix: 
  0.648  -0.751   0.124
  0.346   0.145  -0.927
  0.678   0.644   0.354
heading: 280.9284
quat:  0.6782  0.5750 -0.2278  0.3969
accel:   0.065  -0.177   0.209
gyro: 276.25710 -240.28215 285.27121
euler: 36.8084 -72.9317 88.2987
rotation matrix: 
  0.581  -0.800   0.147
  0.276   0.024  -0.961
  0.765   0.599   0.235
heading: 271.7013
quat:  0.6272  0.6047 -0.2618  0.4152
accel:   0.431  -0.046   0.038
gyro: 231.64040 -205.61418 256.64572
euler: 32.7613 -80.9994 95.2021
rotation matrix: 
  0.518  -0.838   0.174
  0.204  -0.076  -0.976
  0.831   0.541   0.132
heading: 264.7979
quat:  0.5881  0.6222 -0.2887  0.4286
accel:   0.598   0.136   0.105
gyro: 155.10231 -151.90324 205.37619
euler: 28.9685 -86.1300 99.3127
rotation matrix: 
  0.466  -0.863   0.194
  0.145  -0.142  -0.979
  0.873   0.484   0.059
heading: 260.6873
quat:  0.5649  0.6285 -0.3076  0.4372
accel:   0.555   0.266   0.286
gyro:  74.10866 -90.99016 142.99826
euler: 26.1749 -88.6841 101.0790
rotation matrix: 
  0.428  -0.881   0.202
  0.107  -0.172  -0.979
  0.897   0.441   0.021
heading: 258.9210
quat:  0.5573  0.6251 -0.3180  0.4445
accel:   0.457   0.373   0.485
gyro:  17.22389 -42.22307  96.30637
euler: 24.4599 -88.9741 101.1888
rotation matrix: 
  0.403  -0.893   0.201
  0.098  -0.177  -0.979
  0.910   0.414   0.016
heading: 258.8112
quat:  0.5570  0.6171 -0.3248  0.4511
accel:   0.402   0.358   0.606
gyro: -13.72093 -16.16106  72.92990
euler: 23.2268 -88.2889 100.5621
rotation matrix: 
  0.382  -0.903   0.195
  0.102  -0.168  -0.980
  0.919   0.394   0.027
heading: 259.4379
quat:  0.5555  0.6111 -0.3289  0.4581
accel:   0.474   0.348   0.493
gyro:   1.53786  -5.84612  61.76047
euler: 22.1837 -87.7205 100.3656
rotation matrix: 
  0.364  -0.911   0.195
  0.107  -0.167  -0.980
  0.925   0.378   0.037
heading: 259.6344
quat:  0.5552  0.6053 -0.3306  0.4649
accel:   0.743   0.328   0.297
gyro:  -2.49046  16.37068  41.67990
euler: 21.3899 -86.9991 100.2088
rotation matrix: 
  0.349  -0.916   0.196
  0.116  -0.165  -0.979
  0.930   0.365   0.049
heading: 259.7912
quat:  0.5686  0.5929 -0.3258  0.4680
accel:   0.758   0.334   0.275
gyro: -62.42699  71.18025 -16.97488
euler: 21.6737 -84.7660 98.7307
rotation matrix: 
  0.350  -0.919   0.184
  0.146  -0.141  -0.979
  0.925   0.369   0.085
heading: 261.2693
quat:  0.5976  0.5722 -0.3134  0.4661
accel:   0.621   0.196   0.403
gyro: -134.08226 138.37996 -88.63016
euler: 23.0658 -80.7003 95.5708
rotation matrix: 
  0.369  -0.916   0.159
  0.198  -0.089  -0.976
  0.908   0.392   0.149
heading: 264.4292
quat:  0.6351  0.5484 -0.2925  0.4586
accel:   0.649  -0.042   0.058
gyro: -161.67015 179.88387 -157.05057
euler: 25.3595 -75.4261 91.4091
rotation matrix: 
  0.408  -0.903   0.132
  0.262  -0.022  -0.965
  0.875   0.428   0.227
heading: 268.5909
quat:  0.6884  0.5123 -0.2630  0.4410
accel:   0.558  -0.437  -0.201
gyro: -250.84251 242.56697 -248.05399
euler: 28.2546 -67.5199 84.3915
rotation matrix: 
  0.473  -0.877   0.090
  0.338   0.086  -0.937
  0.814   0.473   0.337
heading: 275.6085
quat:  0.7659  0.4469 -0.2172  0.4080
accel:  -0.074  -0.933   0.009
gyro: -415.27122 365.91902 -375.19022
euler: 30.4821 -54.0268 71.9040
rotation matrix: 
  0.573  -0.819   0.032
  0.431   0.268  -0.862
  0.697   0.507   0.506
heading: 288.0960
quat:  0.8538  0.3490 -0.1474  0.3570
accel:  -1.332  -1.142   0.741
gyro: -561.51146 520.64314 -492.74393
euler: 29.3958 -35.0875 54.8582
rotation matrix: 
  0.702  -0.712  -0.002
  0.507   0.501  -0.701
  0.501   0.491   0.713
heading: 305.1418
quat:  0.9225  0.2330 -0.0693  0.2999
accel:  -1.332  -0.917   1.161
gyro: -601.61156 570.81404 -484.68729
euler: 22.8546 -16.8795 39.4494
rotation matrix: 
  0.811  -0.586   0.012
  0.521   0.712  -0.471
  0.268   0.388   0.882
heading: 320.5506
quat:  0.9586  0.1260  0.0084  0.2552
accel:  -1.273  -0.766   1.131
gyro: -503.52806 554.88387 -363.10526
euler: 14.2310 -2.8513 30.1702
rotation matrix: 
  0.870  -0.487   0.080
  0.491   0.838  -0.237
  0.048   0.246   0.968
heading: 329.8298
quat:  0.9721  0.0393  0.0858  0.2149
accel:  -0.740  -0.500   0.902
gyro: -363.20824 515.51619 -300.66629
euler:  6.5105  8.6792 24.4404
rotation matrix: 
  0.893  -0.411   0.184
  0.425   0.904  -0.040
 -0.150   0.113   0.982
heading: 335.5595
quat:  0.9728 -0.0317  0.1498  0.1741
accel:  -0.428  -0.318   0.954
gyro: -293.68919 434.15633 -277.83914
euler: -0.5493 17.6028 20.3775
rotation matrix: 
  0.895  -0.348   0.280
  0.329   0.937   0.114
 -0.302  -0.010   0.953
heading: 339.6224
quat:  0.9681 -0.0835  0.1941  0.1348
accel:  -0.384  -0.173   1.124
gyro: -211.65794 312.69637 -251.04471
euler: -6.2814 23.6255 17.1704
rotation matrix: 
  0.888  -0.293   0.353
  0.229   0.950   0.214
 -0.398  -0.109   0.911
heading: 342.8296
quat:  0.9646 -0.1065  0.2183  0.1025
accel:  -0.514  -0.320   0.982
gyro: -72.25365 170.97273 -189.52127
euler: -9.2458 26.6680 14.3310
rotation matrix: 
  0.884  -0.244   0.399
  0.151   0.956   0.250
 -0.443  -0.161   0.882
heading: 345.6690
quat:  0.9657 -0.0985  0.2268  0.0793
accel:  -0.281  -0.547   0.454
gyro:  86.13258  54.27351 -110.35867
euler: -8.8709 27.3333 11.5511
rotation matrix: 
  0.885  -0.198   0.422
  0.108   0.968   0.226
 -0.454  -0.154   0.878
heading: 348.4489
quat:  0.9690 -0.0794  0.2257  0.0623
accel:   0.050  -0.621  -0.060
gyro: 138.74489  -9.32512 -66.41336
euler: -7.2197 26.7996  9.0819
rotation matrix: 
  0.890  -0.157   0.427
  0.085   0.980   0.182
 -0.447  -0.126   0.885
heading: 350.9181
quat:  0.9716 -0.0781  0.2185  0.0459
accel:   0.001  -0.612   0.534
gyro:  59.94850 -20.79973 -74.95828
euler: -7.5717 25.8254  7.1505
rotation matrix: 
  0.900  -0.123   0.417
  0.055   0.984   0.172
 -0.432  -0.132   0.892
heading: 352.8495
quat:  0.9753 -0.0725  0.2066  0.0288
accel:  -0.497  -0.512   0.905
gyro:  75.57350 -70.90959 -84.11356
euler: -7.4414 24.2477  4.9847
rotation matrix: 
  0.913  -0.086   0.399
  0.026   0.988   0.153
 -0.407  -0.130   0.904
heading: 355.0153
quat:  0.9815 -0.0548  0.1821  0.0218
accel:  -1.234  -0.637   1.592
gyro: 113.11012 -154.46672 -27.71707
euler: -5.7210 21.2025  3.6144
rotation matrix: 
  0.933  -0.063   0.355
  0.023   0.993   0.116
 -0.360  -0.100   0.928
heading: 356.3856
quat:  0.9899 -0.0029  0.1384  0.0319
accel:  -1.039  -1.216   1.412
gyro: 299.63356 -275.31633 103.08127
euler:  0.1783 15.9156  3.6716
rotation matrix: 
  0.960  -0.064   0.274
  0.062   0.998   0.015
 -0.274   0.003   0.962
heading: 356.3284
quat:  0.9916  0.0873  0.0826  0.0477
accel:  -0.877  -1.330   0.793
gyro: 516.61354 -349.10783 167.16818
euler: 10.4264  9.1002  4.6726
rotation matrix: 
  0.982  -0.080   0.172
  0.109   0.980  -0.165
 -0.156   0.181   0.971
heading: 355.3274
quat:  0.9815  0.1786  0.0226  0.0655
accel:  -1.156  -1.293   0.815
gyro: 502.14821 -354.53996 178.39865
euler: 20.7038  1.2832  7.4011
rotation matrix: 
  0.990  -0.121   0.068
  0.137   0.928  -0.348
 -0.021   0.354   0.935
heading: 352.5989
quat:  0.9603  0.2632 -0.0329  0.0870
accel:  -1.332  -1.319   1.022
gyro: 476.26930 -320.66545 197.86887
euler: 29.9780 -7.2257 12.2943
rotation matrix: 
  0.983  -0.184  -0.017
  0.150   0.846  -0.511
  0.109   0.500   0.859
heading: 347.7057
quat:  0.9248  0.3514 -0.0872  0.1172
accel:  -1.260  -1.359   1.028
gyro: 520.94704 -305.89494 250.66428
euler: 39.0105 -18.2720 20.9688
rotation matrix: 
  0.957  -0.278  -0.079
  0.156   0.726  -0.670
  0.244   0.629   0.738
heading: 339.0312
quat:  0.8732  0.4394 -0.1450  0.1533
accel:  -0.902  -1.348   0.750
gyro: 553.60085 -320.72649 300.71310
euler: 46.2912 -34.1513 34.8831
rotation matrix: 
  0.911  -0.395  -0.118
  0.140   0.567  -0.812
  0.388   0.723   0.572
heading: 325.1169
quat:  0.8093  0.5194 -0.1973  0.1905
accel:  -0.631  -1.051   0.350
gyro: 562.08473 -300.40178 308.15939
euler: 49.9636 -53.5126 52.9235
rotation matrix: 
  0.850  -0.513  -0.122
  0.103   0.388  -0.916
  0.517   0.766   0.383
heading: 307.0765
quat:  0.7426  0.5823 -0.2391  0.2287
accel:  -0.400  -0.685   0.293
gyro: 496.89919 -229.53996 303.15451
euler: 49.0638 -71.5331 70.6306
rotation matrix: 
  0.781  -0.618  -0.089
  0.061   0.217  -0.974
  0.621   0.755   0.208
heading: 289.3694
quat:  0.6829  0.6224 -0.2769  0.2639
accel:  -0.107  -0.471   0.417
gyro: 376.41579 -183.15324 295.58615
euler: 44.7428 -84.1960 83.0525
rotation matrix: 
  0.707  -0.705  -0.050
  0.016   0.086  -0.996
  0.707   0.704   0.072
heading: 276.9475
quat:  0.6282  0.6501 -0.3091  0.2953
accel:  -0.007  -0.245   0.497
gyro: 310.61989 -148.85149 273.91867
euler: 140.6361 -87.3146 91.4496
rotation matrix: 
  0.635  -0.773  -0.004
 -0.031  -0.020  -0.999
  0.772   0.634  -0.036
heading: 268.5504
quat:  0.5774  0.6695 -0.3363  0.3245
accel:   0.054  -0.142   0.476
gyro: 270.15358 -119.12737 255.85226
euler: 146.2972 -81.5202 97.3908
rotation matrix: 
  0.563  -0.825   0.046
 -0.076  -0.107  -0.991
  0.823   0.555  -0.123
heading: 262.6092
quat:  0.5278  0.6839 -0.3591  0.3532
accel:   0.168  -0.123   0.274
gyro: 253.67409 -92.14983 243.88937
euler: 152.0765 -77.3552 102.0878
rotation matrix: 
  0.493  -0.864   0.104
 -0.118  -0.185  -0.976
  0.862   0.468  -0.193
heading: 257.9122
quat:  0.4873  0.6908 -0.3783  0.3771
accel:   0.107   0.010  -0.018
gyro: 189.58717 -62.05949 215.14182
euler: 157.1718 -74.8619 105.0132
rotation matrix: 
  0.429  -0.890   0.152
 -0.155  -0.239  -0.959
  0.890   0.388  -0.241
heading: 254.9868
quat:  0.4683  0.6796 -0.3996  0.3989
accel:   0.251   0.057   0.332
gyro:  47.55836   3.91951 210.19797
euler: 161.4749 -75.1459 104.7826
rotation matrix: 
  0.362  -0.917   0.168
 -0.170  -0.242  -0.955
  0.916   0.318  -0.243
heading: 255.2174
quat:  0.4624  0.6583 -0.4240  0.4160
accel:   0.269   0.107   0.631
gyro: -47.29027  24.97664 203.85031
euler: 165.1645 -76.4625 102.7133
rotation matrix: 
  0.294  -0.943   0.155
 -0.174  -0.213  -0.962
  0.940   0.256  -0.226
heading: 257.2867
quat:  0.4602  0.6340 -0.4479  0.4308
accel:   0.218  -0.002   0.651
gyro: -74.20677  34.07088 192.98605
euler: 168.5990 -77.9218 100.2954
rotation matrix: 
  0.228  -0.965   0.134
 -0.171  -0.175  -0.970
  0.959   0.198  -0.205
heading: 259.7046
quat:  0.4583  0.6074 -0.4680  0.4494
accel:   0.522  -0.069   0.312
gyro: -64.86839  68.25056 192.92502
euler: 172.1747 -79.7695 98.2252
rotation matrix: 
  0.158  -0.981   0.117
 -0.157  -0.142  -0.977
  0.975   0.136  -0.176
heading: 261.7748
quat:  0.4745  0.5694 -0.4865  0.4626
accel:   0.554   0.030   0.580
gyro: -167.34642 127.69881 159.53879
euler: 174.8235 -82.9781 94.3911
rotation matrix: 
  0.099  -0.993   0.065
 -0.115  -0.076  -0.990
  0.988   0.090  -0.122
heading: 265.6089
quat:  0.5102  0.5171 -0.5057  0.4654
accel:   0.592   0.099   1.102
gyro: -300.40306 176.03865 124.01633
euler: 176.7423 -87.3434 88.1595
rotation matrix: 
  0.055  -0.998  -0.035
 -0.048   0.032  -0.998
  0.997   0.057  -0.046
heading: 271.8405
quat:  0.5454  0.4644 -0.5223  0.4627
accel:   0.811   0.104   1.497
gyro: -310.90111 186.59773 100.02951
euler:  1.3308 -88.6761 81.9240
rotation matrix: 
  0.026  -0.990  -0.140
  0.020   0.140  -0.990
  0.999   0.023   0.023
heading: 278.0760
quat:  0.5756  0.4236 -0.5232  0.4642
accel:   0.675   0.226   1.305
gyro: -206.34789 178.90730  53.94797
euler:  0.1057 -84.6242 77.8654
rotation matrix: 
  0.021  -0.978  -0.209
  0.091   0.210  -0.973
  0.996   0.002   0.094
heading: 282.1346
quat:  0.6060  0.3873 -0.5113  0.4705
accel:   0.640   0.140   1.135
gyro: -143.23753 224.80574  22.82004
euler: -0.6738 -79.7984 75.0933
rotation matrix: 
  0.034  -0.966  -0.255
  0.174   0.257  -0.951
  0.984  -0.012   0.177
heading: 284.9067
quat:  0.6431  0.3479 -0.4934  0.4711
accel:   0.666   0.139   1.029
gyro: -170.76439 265.14998 -19.35526
euler: -1.0004 -74.2707 71.6866
rotation matrix: 
  0.069  -0.949  -0.307
  0.263   0.314  -0.912
  0.962  -0.018   0.271
heading: 288.3134
quat:  0.6887  0.3052 -0.4653  0.4648
accel:   0.752   0.054   1.072
gyro: -191.15013 323.68269 -80.57352
euler: -0.6937 -67.6217 67.5585
rotation matrix: 
  0.135  -0.924  -0.357
  0.356   0.382  -0.853
  0.925  -0.012   0.381
heading: 292.4415
quat:  0.7438  0.2628 -0.4222  0.4466
accel:   0.434   0.038   1.036
gyro: -198.41331 387.64754 -179.99979
euler:  0.7852 -59.6435 62.4196
rotation matrix: 
  0.244  -0.886  -0.393
  0.442   0.463  -0.768
  0.863   0.014   0.505
heading: 297.5804
quat:  0.8036  0.2157 -0.3678  0.4153
accel:   0.258  -0.248   0.935
gyro: -225.57396 442.27400 -258.97928
euler:  2.3543 -50.4355 55.7743
rotation matrix: 
  0.384  -0.826  -0.412
  0.509   0.562  -0.652
  0.770   0.041   0.636
heading: 304.2257
quat:  0.8636  0.1623 -0.3024  0.3693
accel:  -0.436  -0.334   1.077
gyro: -258.65501 482.67928 -328.31522
euler:  3.2699 -40.0349 47.4934
rotation matrix: 
  0.544  -0.736  -0.402
  0.540   0.675  -0.504
  0.642   0.057   0.764
heading: 312.5066
quat:  0.9107  0.1062 -0.2372  0.3210
accel:  -0.458  -0.420   1.190
gyro: -262.98851 463.51424 -306.76981
euler:  2.3558 -30.0367 39.4625
rotation matrix: 
  0.681  -0.635  -0.364
  0.534   0.771  -0.346
  0.500   0.041   0.865
heading: 320.5375
quat:  0.9436  0.0576 -0.1797  0.2721
accel:  -0.329  -0.460   1.080
gyro: -228.62572 393.20174 -288.88651
euler:  0.6217 -21.7445 32.2860
rotation matrix: 
  0.787  -0.534  -0.308
  0.493   0.845  -0.206
  0.370   0.011   0.929
heading: 327.7140
quat:  0.9669  0.0139 -0.1304  0.2187
accel:  -0.405  -0.505   1.136
gyro: -215.38109 329.72517 -299.81180
euler: -1.7235 -14.9780 25.2619
rotation matrix: 
  0.870  -0.427  -0.246
  0.419   0.904  -0.084
  0.258  -0.030   0.966
heading: 334.7381
quat:  0.9824 -0.0199 -0.0862  0.1643
accel:  -0.299  -0.626   1.048
gyro: -165.88158 287.00056 -302.19217
euler: -3.8718 -9.3928 18.6710
rotation matrix: 
  0.931  -0.319  -0.176
  0.326   0.945   0.011
  0.163  -0.068   0.984
heading: 341.3290
quat:  0.9921 -0.0426 -0.0444  0.1095
accel:  -0.713  -0.687   1.129
gyro: -105.51781 254.04158 -304.87772
euler: -5.4124 -4.5380 12.3781
rotation matrix: 
  0.972  -0.213  -0.097
  0.221   0.972   0.075
  0.079  -0.094   0.992
heading: 347.6219
quat:  0.9966 -0.0489 -0.0124  0.0646
accel:  -0.505  -0.867   0.930
gyro: -12.98851 188.91707 -250.12918
euler: -5.6870 -1.0542  7.3698
rotation matrix: 
  0.991  -0.128  -0.031
  0.130   0.987   0.096
  0.018  -0.099   0.995
heading: 352.6302
quat:  0.9989 -0.0375  0.0007  0.0295
accel:  -0.167  -0.830   0.584
gyro:  81.73805  76.85652 -199.40897
euler: -4.2914  0.2023  3.3869
rotation matrix: 
  0.998  -0.059  -0.001
  0.059   0.995   0.075
 -0.004  -0.075   0.997
heading: 356.6131
quat:  0.9995 -0.0319  0.0011 -0.0041
accel:  -0.357  -0.974   0.827
gyro:  47.68044   2.08846 -192.45096
euler: -3.6620  0.1101 -0.4632
rotation matrix: 
  1.000   0.008   0.002
 -0.008   0.998   0.064
 -0.002  -0.064   0.998
heading:  0.4632
quat:  0.9991 -0.0226  0.0006 -0.0352
accel:  -0.765  -1.032   1.025
gyro:  70.32448 -10.42375 -179.08426
euler: -2.5910 -0.0182 -4.0349
rotation matrix: 
  0.997   0.070   0.003
 -0.070   0.996   0.045
  0.000  -0.045   0.999
heading:  4.0349
quat:  0.9986  0.0009 -0.0005 -0.0531
accel:  -0.877  -1.068   1.110
gyro: 152.78297 -14.94035 -102.85135
euler:  0.1005 -0.0511 -6.0828
rotation matrix: 
  0.994   0.106  -0.001
 -0.106   0.994  -0.002
  0.001   0.002   1.000
heading:  6.0828
quat:  0.9979  0.0330 -0.0109 -0.0555
accel:  -0.708  -1.076   1.524
gyro: 207.47047 -62.48674 -13.98416
euler:  3.8436 -1.0363 -6.3319
rotation matrix: 
  0.994   0.110  -0.025
 -0.112   0.992  -0.065
  0.018   0.067   0.998
heading:  6.3319
quat:  0.9948  0.0812 -0.0402 -0.0464
accel:  -0.657  -1.243   1.881
gyro: 286.44997 -150.86565  53.39865
euler:  9.5111 -4.2084 -4.9960
rotation matrix: 
  0.992   0.086  -0.087
 -0.099   0.982  -0.158
  0.072   0.165   0.984
heading:  4.9960
quat:  0.9843  0.1541 -0.0804 -0.0320
accel:  -0.756  -1.572   1.713
gyro: 435.98610 -206.16350  81.90207
euler: 17.9645 -8.9720 -2.3003
rotation matrix: 
  0.985   0.038  -0.168
 -0.088   0.950  -0.298
  0.148   0.308   0.940
heading:  2.3003
quat:  0.9626  0.2425 -0.1205 -0.0126
accel:  -1.090  -1.756   1.591
gyro: 536.87721 -203.90520 100.57883
euler: 28.0256 -14.8220  2.2205
rotation matrix: 
  0.971  -0.034  -0.238
 -0.083   0.882  -0.464
  0.226   0.470   0.853
heading: 357.7795
quat:  0.9286  0.3344 -0.1602  0.0171
accel:  -1.079  -1.865   1.544
gyro: 580.94460 -195.84856 153.98459
euler: 37.9907 -23.0793 10.1517
rotation matrix: 
  0.948  -0.139  -0.286
 -0.075   0.776  -0.627
  0.309   0.615   0.725
heading: 349.8483
quat:  0.8792  0.4292 -0.1992  0.0567
accel:  -0.786  -1.879   1.138
gyro: 635.93727 -187.73088 205.00998
euler: 47.0521 -35.8475 23.4163
rotation matrix: 
  0.914  -0.271  -0.302
 -0.071   0.625  -0.777
  0.399   0.732   0.552
heading: 336.5837
quat:  0.8176  0.5167 -0.2337  0.0994
accel:  -0.628  -1.681   0.787
gyro: 634.71657 -168.80998 221.42844
euler: 52.9876 -53.6644 42.1689
rotation matrix: 
  0.871  -0.404  -0.279
 -0.079   0.446  -0.891
  0.485   0.798   0.357
heading: 317.8311
quat:  0.7527  0.5870 -0.2629  0.1407
accel:  -0.682  -1.334   0.693
gyro: 563.36647 -142.32072 223.68674
euler: 54.0682 -72.8970 62.4707
rotation matrix: 
  0.822  -0.520  -0.231
 -0.097   0.271  -0.958
  0.561   0.810   0.173
heading: 297.5293
quat:  0.6910  0.6358 -0.2906  0.1839
accel:  -0.485  -1.075   0.752
gyro: 473.46169 -114.00041 251.15256
euler: 50.5202 -87.9592 78.7673
rotation matrix: 
  0.763  -0.624  -0.168
 -0.115   0.124  -0.986
  0.635   0.772   0.023
heading: 281.2327
quat:  0.6284  0.6725 -0.3150  0.2317
accel:  -0.158  -0.846   0.709
gyro: 436.29128 -72.74065 275.50558
euler: 135.6375 -81.7351 90.9442
rotation matrix: 
  0.694  -0.715  -0.084
 -0.132  -0.012  -0.991
  0.707   0.699  -0.103
heading: 269.0558
quat:  0.5638  0.7021 -0.3334  0.2792
accel:  -0.028  -0.667   0.393
gyro: 420.48317 -44.29826 266.47238
euler: 142.7304 -74.8218 100.2695
rotation matrix: 
  0.622  -0.783   0.016
 -0.153  -0.142  -0.978
  0.768   0.606  -0.208
heading: 259.7305
quat:  0.5058  0.7215 -0.3455  0.3229
accel:  -0.188  -0.402   0.194
gyro: 361.03493  -6.45647 242.11935
euler: 149.5529 -71.0591 106.8310
rotation matrix: 
  0.553  -0.825   0.116
 -0.172  -0.250  -0.953
  0.815   0.507  -0.280
heading: 253.1690
quat:  0.4643  0.7232 -0.3611  0.3621
accel:  -0.048  -0.254   0.272
gyro: 226.20827  27.90633 248.28391
euler: 155.7914 -70.3496 109.7439
rotation matrix: 
  0.477  -0.858   0.188
 -0.186  -0.308  -0.933
  0.859   0.410  -0.307
heading: 250.2561
quat:  0.4389  0.7101 -0.3817  0.3967
accel:   0.160  -0.199   0.450
gyro: 101.20827  55.67732 253.34982
euler: 161.3033 -71.5377 109.9573
rotation matrix: 
  0.394  -0.890   0.228
 -0.194  -0.323  -0.926
  0.898   0.321  -0.300
heading: 250.0427
quat:  0.4233  0.6889 -0.4027  0.4291
accel:   0.373  -0.064   0.555
gyro:  35.90065  82.53279 246.39182
euler: 166.2528 -73.6467 109.0724
rotation matrix: 
  0.307  -0.918   0.250
 -0.192  -0.317  -0.929
  0.932   0.238  -0.273
heading: 250.9276
quat:  0.4156  0.6627 -0.4225  0.4579
accel:   0.526   0.053   0.676
gyro: -12.80540  99.31746 227.22678
euler: 170.5698 -76.2010 107.5594
rotation matrix: 
  0.224  -0.941   0.256
 -0.179  -0.298  -0.938
  0.958   0.164  -0.235
heading: 252.4406
quat:  0.4107  0.6369 -0.4406  0.4812
accel:   0.747   0.116   0.636
gyro: -31.97044  87.78181 200.31027
euler: 174.3134 -78.4249 106.0083
rotation matrix: 
  0.149  -0.957   0.251
 -0.166  -0.274  -0.947
  0.975   0.099  -0.200
heading: 253.9917
quat:  0.4102  0.6136 -0.4533  0.4997
accel:   0.898   0.144   0.479
gyro: -40.08812  90.40633 151.72629
euler: 177.1114 -80.5480 104.6471
rotation matrix: 
  0.090  -0.966   0.241
 -0.146  -0.253  -0.956
  0.985   0.050  -0.164
heading: 255.3529
quat:  0.4203  0.5912 -0.4589  0.5131
accel:   0.996   0.132   0.347
gyro: -68.95775 116.10213  82.57346
euler: 178.5101 -83.0908 103.0403
rotation matrix: 
  0.052  -0.974   0.221
 -0.111  -0.226  -0.968
  0.992   0.026  -0.120
heading: 256.9597
quat:  0.4492  0.5653 -0.4581  0.5185
accel:   0.910   0.134   0.354
gyro: -143.54271 165.96785  -4.82889
euler: 178.1173 -86.6330 100.1860
rotation matrix: 
  0.043  -0.984   0.175
 -0.052  -0.177  -0.983
  0.998   0.033  -0.059
heading: 259.8140
quat:  0.4986  0.5310 -0.4496  0.5171
accel:   0.739   0.027   0.543
gyro: -226.67259 240.00349 -87.77567
euler:  3.6968 -88.1705 95.6693
rotation matrix: 
  0.061  -0.993   0.101
  0.038  -0.099  -0.994
  0.997   0.064   0.032
heading: 264.3307
quat:  0.5608  0.4909 -0.4341  0.5061
accel:   0.435  -0.037   0.727
gyro: -285.57152 279.12703 -161.20096
euler:  6.3863 -81.8367 89.6695
rotation matrix: 
  0.111  -0.994   0.010
  0.141   0.006  -0.990
  0.984   0.111   0.141
heading: 270.3305
quat:  0.6285  0.4459 -0.4139  0.4846
accel:   0.338  -0.124   0.885
gyro: -329.08958 290.90681 -213.44705
euler:  9.1712 -74.7550 82.2756
rotation matrix: 
  0.188  -0.978  -0.088
  0.240   0.133  -0.962
  0.952   0.159   0.260
heading: 277.7244
quat:  0.7007  0.3946 -0.3865  0.4515
accel:  -0.030  -0.247   1.080
gyro: -368.70140 312.39119 -272.10184
euler: 11.7732 -66.5361 73.3334
rotation matrix: 
  0.293  -0.938  -0.185
  0.328   0.281  -0.902
  0.898   0.204   0.390
heading: 286.6666
quat:  0.7726  0.3397 -0.3447  0.4111
accel:  -0.433  -0.307   1.113
gyro: -360.21751 359.69344 -324.65311
euler: 13.9748 -56.7789 63.6147
rotation matrix: 
  0.424  -0.869  -0.253
  0.401   0.431  -0.808
  0.812   0.241   0.532
heading: 296.3853
quat:  0.8348  0.2859 -0.2917  0.3691
accel:  -0.368  -0.417   0.891
gyro: -311.20628 388.80721 -334.05252
euler: 15.1905 -46.3370 54.2418
rotation matrix: 
  0.557  -0.783  -0.276
  0.449   0.564  -0.693
  0.698   0.262   0.666
heading: 305.7582
quat:  0.8880  0.2317 -0.2342  0.3209
accel:  -0.144  -0.565   0.736
gyro: -297.16820 391.49275 -354.07205
euler: 15.1436 -35.8034 44.6503
rotation matrix: 
  0.684  -0.678  -0.267
  0.461   0.687  -0.562
  0.565   0.261   0.783
heading: 315.3497
quat:  0.9332  0.1775 -0.1745  0.2592
accel:  -0.252  -0.849   0.622
gyro: -296.25267 374.89119 -411.50613
euler: 13.9377 -25.4953 34.2117
rotation matrix: 
  0.805  -0.546  -0.234
  0.422   0.803  -0.422
  0.418   0.241   0.876
heading: 325.7883
quat:  0.9676  0.1287 -0.1121  0.1862
accel:  -1.088  -0.995   0.662
gyro: -278.30833 368.66560 -459.11356
euler: 11.9625 -15.7102 23.4361
rotation matrix: 
  0.906  -0.389  -0.169
  0.331   0.898  -0.291
  0.265   0.207   0.942
heading: 336.5639
quat:  0.9873  0.0832 -0.0574  0.1229
accel:  -1.160  -0.887   0.914
gyro: -250.35423 319.34920 -384.34549
euler:  8.6308 -7.7797 14.7838
rotation matrix: 
  0.963  -0.252  -0.093
  0.233   0.956  -0.178
  0.134   0.150   0.980
heading: 345.2162
quat:  0.9954  0.0425 -0.0226  0.0831
accel:  -0.455  -0.765   1.262
gyro: -208.36205 200.14754 -234.74832
euler:  4.6358 -2.9949  9.6707
rotation matrix: 
  0.985  -0.167  -0.038
  0.164   0.983  -0.088
  0.052   0.081   0.995
heading: 350.3293
quat:  0.9982  0.0244 -0.0097  0.0548
accel:   0.162  -0.727   1.351
gyro: -87.57347  77.58894 -164.74100
euler:  2.7328 -1.2649  6.3102
rotation matrix: 
  0.994  -0.110  -0.017
  0.109   0.993  -0.050
  0.022   0.048   0.999
heading: 353.6898
quat:  0.9990  0.0356 -0.0113  0.0228
accel:  -0.125  -0.875   0.945
gyro:  78.01491 -20.18938 -183.90604
euler:  4.0549 -1.3912  2.6607
rotation matrix: 
  0.999  -0.046  -0.021
  0.045   0.996  -0.072
  0.024   0.071   0.997
heading: 357.3393
quat:  0.9988 -0.0495  0.0029 -0.0058
accel:  -0.454  -0.458   1.487
gyro: -484.30199  79.29793 -161.75027
euler: -5.6789  0.3059 -0.6510
rotation matrix: 
  1.000   0.011   0.006
 -0.012   0.995   0.099
 -0.005  -0.099   0.995
heading:  0.6510
quat:  0.9919 -0.1217  0.0179 -0.0303
accel:  -0.352  -0.481   1.644
gyro: -415.45433  85.21834 -138.49588
euler: -14.0390  1.6619 -3.2909
rotation matrix: 
  0.997   0.056   0.043
 -0.064   0.969   0.240
 -0.028  -0.243   0.970
heading:  3.2909
quat:  0.9830 -0.1704  0.0369 -0.0572
accel:  -0.450  -0.424   1.513
gyro: -286.05980 113.47762 -148.62772
euler: -19.8303  3.2324 -6.0971
rotation matrix: 
  0.991   0.100   0.092
 -0.125   0.935   0.331
 -0.053  -0.339   0.939
heading:  6.0971
quat:  0.9728 -0.2081  0.0574 -0.0836
accel:  -0.627  -0.390   1.625
gyro: -229.35814 123.54842 -143.37869
euler: -24.4831  4.8501 -8.7653
rotation matrix: 
  0.979   0.139   0.146
 -0.187   0.899   0.395
 -0.077  -0.414   0.907
heading:  8.7653
quat:  0.9644 -0.2330  0.0725 -0.1020
accel:  -0.646  -0.376   1.700
gyro: -158.31322  89.49080 -101.20340
euler: -27.6547  5.9773 -10.5971
rotation matrix: 
  0.969   0.163   0.187
 -0.230   0.871   0.435
 -0.092  -0.464   0.881
heading: 10.5971
quat:  0.9620 -0.2364  0.0821 -0.1095
accel:  -0.581  -0.377   1.596
gyro: -55.34691  38.46541 -48.10281
euler: -28.2154  6.9247 -11.2483
rotation matrix: 
  0.962   0.172   0.210
 -0.250   0.864   0.437
 -0.106  -0.473   0.875
heading: 11.2483
quat:  0.9643 -0.2269  0.0822 -0.1089
accel:  -0.446  -0.436   1.369
gyro:  38.15895 -13.10930  -2.02127
euler: -27.0984  7.0348 -11.1932
rotation matrix: 
  0.963   0.173   0.208
 -0.247   0.873   0.420
 -0.109  -0.456   0.883
heading: 11.1932
quat:  0.9694 -0.2093  0.0745 -0.1045
accel:  -0.319  -0.510   1.001
gyro: 107.25075 -42.71135  24.28488
euler: -24.9216  6.3729 -10.9004
rotation matrix: 
  0.967   0.171   0.188
 -0.234   0.891   0.390
 -0.101  -0.421   0.901
heading: 10.9004
quat:  0.9748 -0.1883  0.0664 -0.0994
accel:  -0.187  -0.544   0.675
gyro: 129.95583 -42.58928  30.81564
euler: -22.3560  5.7142 -10.5123
rotation matrix: 
  0.971   0.169   0.167
 -0.219   0.909   0.354
 -0.092  -0.380   0.920
heading: 10.5123
quat:  0.9775 -0.1774  0.0623 -0.0958
accel:  -0.141  -0.528   0.592
gyro:  84.17946 -26.96428  20.92795
euler: -21.0282  5.4024 -10.1927
rotation matrix: 
  0.974   0.165   0.156
 -0.209   0.919   0.335
 -0.088  -0.359   0.929
heading: 10.1927
quat:  0.9776 -0.1775  0.0619 -0.0944
accel:  -0.141  -0.491   0.779
gyro:  11.85280  -8.40959   6.70676
euler: -21.0256  5.3786 -10.0370
rotation matrix: 
  0.974   0.163   0.155
 -0.207   0.919   0.335
 -0.088  -0.359   0.929
heading: 10.0370
quat:  0.9765 -0.1830  0.0635 -0.0948
accel:  -0.214  -0.452   1.016
gyro: -29.28490  -1.08537  -5.43924
euler: -21.6739  5.5111 -10.0300
rotation matrix: 
  0.974   0.162   0.159
 -0.208   0.915   0.345
 -0.089  -0.369   0.925
heading: 10.0300
quat:  0.9756 -0.1867  0.0651 -0.0954
accel:  -0.304  -0.427   1.140
gyro: -24.82933  -4.50334  -9.10135
euler: -22.1251  5.6586 -10.0647
rotation matrix: 
  0.973   0.162   0.163
 -0.211   0.912   0.352
 -0.091  -0.377   0.922
heading: 10.0647
quat:  0.9758 -0.1864  0.0647 -0.0945
accel:  -0.299  -0.421   1.169
gyro:  -2.00218 -14.69621  -0.06815
euler: -22.0821  5.6446 -9.9569
rotation matrix: 
  0.974   0.160   0.162
 -0.208   0.913   0.351
 -0.091  -0.376   0.922
heading:  9.9569
quat:  0.9769 -0.1825  0.0623 -0.0921
accel:  -0.288  -0.437   1.074
gyro:  24.24294 -26.72014   7.86642
euler: -21.5890  5.4358 -9.7339
rotation matrix: 
  0.975   0.157   0.155
 -0.203   0.916   0.345
 -0.088  -0.368   0.926
heading:  9.7339
quat:  0.9784 -0.1770  0.0589 -0.0893
accel:  -0.199  -0.459   1.000
gyro:  37.79274 -26.59807  12.62717
euler: -20.9086  5.1392 -9.4792
rotation matrix: 
  0.977   0.154   0.147
 -0.196   0.921   0.336
 -0.084  -0.357   0.930
heading:  9.4792
quat:  0.9796 -0.1718  0.0563 -0.0874
accel:  -0.210  -0.466   0.950
gyro:  38.83034 -22.63078   7.62228
euler: -20.2677  4.9109 -9.3218
rotation matrix: 
  0.978   0.152   0.140
 -0.191   0.926   0.327
 -0.080  -0.346   0.935
heading:  9.3218
quat:  0.9804 -0.1680  0.0546 -0.0866
accel:  -0.263  -0.478   0.949
gyro:  31.38405 -21.04387   0.66428
euler: -19.8132  4.7516 -9.2694
rotation matrix: 
  0.979   0.151   0.136
 -0.188   0.928   0.320
 -0.078  -0.339   0.938
heading:  9.2694
quat:  0.9810 -0.1658  0.0532 -0.0859
accel:  -0.267  -0.483   0.958
gyro:  22.65602 -20.31145  -0.19022
euler: -19.5434  4.6142 -9.2173
rotation matrix: 
  0.980   0.151   0.133
 -0.186   0.930   0.316
 -0.076  -0.335   0.939
heading:  9.2173
quat:  0.9813 -0.1644  0.0520 -0.0852
accel:  -0.275  -0.492   0.968
gyro:  18.93288 -20.00627  -0.49539
euler: -19.3611  4.4964 -9.1609
rotation matrix: 
  0.980   0.150   0.130
 -0.184   0.931   0.314
 -0.074  -0.332   0.940
heading:  9.1609
quat:  0.9816 -0.1635  0.0509 -0.0843
accel:  -0.283  -0.504   1.005
gyro:  15.94215 -19.94524   0.48117
euler: -19.2389  4.3984 -9.0758
rotation matrix: 
  0.981   0.149   0.128
 -0.182   0.932   0.312
 -0.072  -0.330   0.941
heading:  9.0758
quat:  0.9821 -0.1615  0.0503 -0.0833
accel:  -0.294  -0.493   0.977
gyro:  21.61842 -18.48039   1.76291
euler: -19.0057  4.3564 -8.9664
rotation matrix: 
  0.981   0.147   0.126
 -0.180   0.934   0.309
 -0.072  -0.326   0.943
heading:  8.9664
quat:  0.9824 -0.1599  0.0503 -0.0820
accel:  -0.309  -0.496   0.993
gyro:  19.48219 -16.16106   3.53293
euler: -18.8143  4.3940 -8.8109
rotation matrix: 
  0.982   0.145   0.125
 -0.177   0.935   0.306
 -0.073  -0.323   0.944
heading:  8.8109
quat:  0.9829 -0.1576  0.0512 -0.0799
accel:  -0.335  -0.467   1.067
gyro:  20.09254 -12.19377   8.53781
euler: -18.5376  4.5691 -8.5453
rotation matrix: 
  0.982   0.141   0.126
 -0.173   0.938   0.302
 -0.076  -0.318   0.945
heading:  8.5453
quat:  0.9839 -0.1530  0.0520 -0.0760
accel:  -0.394  -0.402   1.239
gyro:  25.15846 -16.89348  17.99826
euler: -17.9951  4.7689 -8.0749
rotation matrix: 
  0.983   0.134   0.126
 -0.165   0.942   0.293
 -0.079  -0.309   0.948
heading:  8.0749
quat:  0.9860 -0.1428  0.0544 -0.0667
accel:  -0.762  -0.279   2.031
gyro:  32.54372 -30.38225  43.93820
euler: -16.7890  5.2896 -6.9567
rotation matrix: 
  0.985   0.116   0.126
 -0.147   0.950   0.274
 -0.088  -0.289   0.953
heading:  6.9567
quat:  0.9914 -0.1156  0.0396 -0.0460
accel:  -0.874  -0.522   2.284
gyro: 157.60475 -92.27190 115.53244
euler: -13.4616  3.9978 -4.8368
rotation matrix: 
  0.993   0.082   0.089
 -0.100   0.969   0.225
 -0.068  -0.233   0.970
heading:  4.8368
quat:  0.9986 -0.0493  0.0131 -0.0132
accel:  -0.539  -0.725   1.275
gyro: 392.71217 -164.96477 185.29562
euler: -5.6680  1.4327 -1.4421
rotation matrix: 
  0.999   0.025   0.027
 -0.028   0.995   0.098
 -0.025  -0.099   0.995
heading:  1.4421
quat:  0.9992  0.0278 -0.0142  0.0235
accel:  -0.287  -0.711   0.708
gyro: 455.21217 -166.24651 208.61105
euler:  3.1415 -1.7016  2.7378
rotation matrix: 
  0.998  -0.048  -0.027
  0.046   0.997  -0.056
  0.030   0.055   0.998
heading: 357.2621
quat:  0.9929  0.0974 -0.0345  0.0595
accel:  -0.191  -0.533   0.597
gyro: 412.67067 -124.68156 205.13205
euler: 10.9172 -4.6820  7.3044
rotation matrix: 
  0.991  -0.125  -0.057
  0.111   0.974  -0.198
  0.080   0.189   0.979
heading: 352.6956
quat:  0.9826  0.1521 -0.0492  0.0942
accel:  -0.232  -0.355   0.894
gyro: 329.60182 -90.13567 198.96750
euler: 16.8346 -7.5200 12.0643
rotation matrix: 
  0.977  -0.200  -0.068
  0.170   0.936  -0.308
  0.125   0.290   0.949
heading: 347.9356
quat:  0.9685  0.2035 -0.0603  0.1299
accel:  -0.167  -0.345   0.902
gyro: 318.06618 -68.40715 204.33859
euler: 22.2429 -10.5651 17.3610
rotation matrix: 
  0.959  -0.276  -0.064
  0.227   0.883  -0.410
  0.170   0.378   0.910
heading: 342.6389
quat:  0.9481  0.2619 -0.0681  0.1670
accel:   0.061  -0.338   0.429
gyro: 364.26979 -51.07317 208.91623
euler: 28.2823 -14.2435 23.5868
rotation matrix: 
  0.935  -0.352  -0.042
  0.281   0.807  -0.519
  0.217   0.474   0.854
heading: 336.4132
quat:  0.9229  0.3195 -0.0720  0.2025
accel:   0.428  -0.263  -0.054
gyro: 364.81911 -26.59807 195.91574
euler: 34.0952 -18.4725 30.4614
rotation matrix: 
  0.908  -0.420  -0.004
  0.328   0.714  -0.619
  0.262   0.561   0.785
heading: 329.5386
quat:  0.9006  0.3626 -0.0729  0.2282
accel:   0.636  -0.060  -0.511
gyro: 273.87672  -5.78508 139.09201
euler: 38.3106 -22.2227 36.2435
rotation matrix: 
  0.885  -0.464   0.034
  0.358   0.633  -0.686
  0.297   0.620   0.726
heading: 323.7565
quat:  0.8944  0.3684 -0.0768  0.2416
accel:   0.585   0.062  -0.042
gyro:  37.60963  27.23494  59.25803
euler: 38.4541 -23.7512 38.6162
rotation matrix: 
  0.871  -0.489   0.041
  0.375   0.612  -0.696
  0.315   0.622   0.717
heading: 321.3838
quat:  0.9004  0.3514 -0.0763  0.2450
accel:   0.509   0.089   0.283
gyro: -90.07591  56.04353  -3.85233
euler: 36.5467 -22.6614 38.0158
rotation matrix: 
  0.868  -0.495   0.035
  0.388   0.633  -0.670
  0.310   0.595   0.741
heading: 321.9842
quat:  0.9104  0.3315 -0.0700  0.2376
accel:   0.391   0.069   0.131
gyro: -117.05345  53.96834 -59.69949
euler: 34.7720 -20.3051 35.6726
rotation matrix: 
  0.877  -0.479   0.030
  0.386   0.667  -0.637
  0.285   0.570   0.770
heading: 324.3274
